0,1748255109209
1,1748255109330
2,1748255109343
3,1748255109356
4,1748255109369
5,1748255109384
6,1748255109397
7,1748255109407
8,1748255109420
9,1748255109433
10,1748255109446
11,1748255109459
12,1748255109471
13,1748255109483
14,1748255109496
15,1748255109507
16,1748255109519
17,1748255109532
18,1748255109545
19,1748255109558
20,1748255109569
21,1748255109583
22,1748255109597
23,1748255109609
24,1748255109622
25,1748255109634
26,1748255109647
27,1748255109661
28,1748255109672
29,1748255109686
30,1748255109698
31,1748255109710
32,1748255109721
33,1748255109734
34,1748255109749
35,1748255109762
36,1748255109776
37,1748255109789
38,1748255109802
39,1748255109815
40,1748255109826
41,1748255109839
42,1748255109852
43,1748255109868
44,1748255109881
45,1748255109893
46,1748255109907
47,1748255109918
48,1748255109930
49,1748255109943
50,1748255109954
51,1748255109966
52,1748255109980
53,1748255109993
54,1748255110007
55,1748255110021
56,1748255110033
57,1748255110046
58,1748255110060
59,1748255110072
60,1748255110082
61,1748255110095
62,1748255110107
63,1748255110119
64,1748255110132
65,1748255110145
66,1748255110158
67,1748255110171
68,1748255110185
69,1748255110197
70,1748255110211
71,1748255110223
72,1748255110234
73,1748255110248
74,1748255110261
75,1748255110274
76,1748255110287
77,1748255110299
78,1748255110314
79,1748255110327
80,1748255110338
81,1748255110352
82,1748255110366
83,1748255110379
84,1748255110392
85,1748255110406
86,1748255110418
87,1748255110431
88,1748255110445
89,1748255110458
90,1748255110469
91,1748255110483
92,1748255110496
93,1748255110509
94,1748255110522
95,1748255110536
96,1748255110549
97,1748255110562
98,1748255110575
99,1748255110587
100,1748255110600
101,1748255110614
102,1748255110627
103,1748255110640
104,1748255110653
105,1748255110668
106,1748255110681
107,1748255110694
108,1748255110707
109,1748255110722
110,1748255110734
111,1748255110747
112,1748255110760
113,1748255110772
114,1748255110786
115,1748255110797
116,1748255110809
117,1748255110821
118,1748255110834
119,1748255110846
120,1748255110860
121,1748255110871
122,1748255110885
123,1748255110898
124,1748255110912
125,1748255110925
126,1748255110939
127,1748255110953
128,1748255110967
129,1748255110979
130,1748255110992
131,1748255111004
132,1748255111017
133,1748255111030
134,1748255111043
135,1748255111056
136,1748255111079
137,1748255111090
138,1748255111103
139,1748255111115
140,1748255111128
141,1748255111141
142,1748255111154
143,1748255111167
144,1748255111179
145,1748255111191
146,1748255111203
147,1748255111216
148,1748255111226
149,1748255111238
150,1748255111251
151,1748255111264
152,1748255111275
153,1748255111288
154,1748255111300
155,1748255111312
156,1748255111323
157,1748255111335
158,1748255111348
159,1748255111361
160,1748255111375
161,1748255111388
162,1748255111402
163,1748255111413
164,1748255111424
165,1748255111435
166,1748255111446
167,1748255111457
168,1748255111470
169,1748255111489
170,1748255111502
171,1748255111513
172,1748255111527
173,1748255111538
174,1748255111551
175,1748255111564
176,1748255111577
177,1748255111589
178,1748255111603
179,1748255111614
180,1748255111627
181,1748255111640
182,1748255111651
183,1748255111667
184,1748255111680
185,1748255111693
186,1748255111706
187,1748255111718
188,1748255111731
189,1748255111744
190,1748255111756
191,1748255111768
192,1748255111783
193,1748255111801
194,1748255111812
195,1748255111826
196,1748255111838
197,1748255111851
198,1748255111865
199,1748255111875
200,1748255111888
201,1748255111901
202,1748255111914
203,1748255111929
204,1748255111941
205,1748255111952
206,1748255111964
207,1748255111975
208,1748255111988
209,1748255112001
210,1748255112014
211,1748255112025
212,1748255112038
213,1748255112050
214,1748255112063
215,1748255112075
216,1748255112086
217,1748255112097
218,1748255112108
219,1748255112120
220,1748255112132
221,1748255112144
222,1748255112155
223,1748255112168
224,1748255112180
225,1748255112193
226,1748255112206
227,1748255112219
228,1748255112232
229,1748255112244
230,1748255112256
231,1748255112270
232,1748255112282
233,1748255112296
234,1748255112308
235,1748255112321
236,1748255112333
237,1748255112348
238,1748255112361
239,1748255112373
240,1748255112386
241,1748255112399
242,1748255112413
243,1748255112426
244,1748255112439
245,1748255112452
246,1748255112465
247,1748255112477
248,1748255112491
249,1748255112505
250,1748255112518
251,1748255112531
252,1748255112542
253,1748255112556
254,1748255112568
255,1748255112581
256,1748255112595
257,1748255112608
258,1748255112622
259,1748255112635
260,1748255112647
261,1748255112661
262,1748255112674
263,1748255112685
264,1748255112702
265,1748255112716
266,1748255112730
267,1748255112741
268,1748255112757
269,1748255112770
270,1748255112781
271,1748255112794
272,1748255112807
273,1748255112820
274,1748255112832
275,1748255112844
276,1748255112856
277,1748255112869
278,1748255112882
279,1748255112895
280,1748255112908
281,1748255112922
282,1748255112934
283,1748255112947
284,1748255112960
285,1748255112971
286,1748255112984
287,1748255112999
288,1748255113011
289,1748255113024
290,1748255113037
291,1748255113050
292,1748255113063
293,1748255113078
294,1748255113090
295,1748255113101
296,1748255113115
297,1748255113127
298,1748255113141
299,1748255113152
300,1748255113166
301,1748255113177
302,1748255113189
303,1748255113200
304,1748255113212
305,1748255113225
306,1748255113238
307,1748255113251
308,1748255113264
309,1748255113275
310,1748255113288
311,1748255113301
312,1748255113313
313,1748255113324
314,1748255113337
315,1748255113348
316,1748255113361
317,1748255113373
318,1748255113385
319,1748255113399
320,1748255113411
321,1748255113424
322,1748255113438
323,1748255113448
324,1748255113462
325,1748255113473
326,1748255113486
327,1748255113500
328,1748255113511
329,1748255113524
330,1748255113538
331,1748255113550
332,1748255113564
333,1748255113576
334,1748255113588
335,1748255113601
336,1748255113614
337,1748255113627
338,1748255113640
339,1748255113654
340,1748255113668
341,1748255113680
342,1748255113694
343,1748255113707
344,1748255113720
345,1748255113732
346,1748255113746
347,1748255113759
348,1748255113773
349,1748255113786
350,1748255113799
351,1748255113811
352,1748255113822
353,1748255113835
354,1748255113848
355,1748255113859
356,1748255113873
357,1748255113885
358,1748255113899
359,1748255113911
360,1748255113925
361,1748255113938
362,1748255113951
363,1748255113962
364,1748255113974
365,1748255113988
366,1748255113999
367,1748255114010
368,1748255114023
369,1748255114034
370,1748255114047
371,1748255114060
372,1748255114074
373,1748255114089
374,1748255114102
375,1748255114115
376,1748255114127
377,1748255114139
378,1748255114155
379,1748255114166
380,1748255114178
381,1748255114191
382,1748255114204
383,1748255114216
384,1748255114228
385,1748255114240
386,1748255114253
387,1748255114266
388,1748255114280
389,1748255114293
390,1748255114304
391,1748255114318
392,1748255114331
393,1748255114344
394,1748255114358
395,1748255114371
396,1748255114384
397,1748255114397
398,1748255114411
399,1748255114423
400,1748255114434
401,1748255114445
402,1748255114458
403,1748255114472
404,1748255114483
405,1748255114497
406,1748255114510
407,1748255114523
408,1748255114536
409,1748255114550
410,1748255114563
411,1748255114574
412,1748255114587
413,1748255114600
414,1748255114613
415,1748255114627
416,1748255114640
417,1748255114653
418,1748255114667
419,1748255114679
420,1748255114692
421,1748255114704
422,1748255114716
423,1748255114728
424,1748255114742
425,1748255114754
426,1748255114768
427,1748255114781
428,1748255114795
429,1748255114806
430,1748255114818
431,1748255114831
432,1748255114845
433,1748255114856
434,1748255114868
435,1748255114880
436,1748255114893
437,1748255114904
438,1748255114917
439,1748255114930
440,1748255114944
441,1748255114956
442,1748255114969
443,1748255114981
444,1748255114995
445,1748255115008
446,1748255115021
447,1748255115034
448,1748255115048
449,1748255115062
450,1748255115074
451,1748255115086
452,1748255115098
453,1748255115110
454,1748255115122
455,1748255115136
456,1748255115149
457,1748255115162
458,1748255115176
459,1748255115187
460,1748255115201
461,1748255115213
462,1748255115227
463,1748255115240
464,1748255115254
465,1748255115267
466,1748255115280
467,1748255115291
468,1748255115304
469,1748255115317
470,1748255115329
471,1748255115342
472,1748255115355
473,1748255115368
474,1748255115382
475,1748255115394
476,1748255115407
477,1748255115419
478,1748255115431
479,1748255115443
480,1748255115454
481,1748255115471
482,1748255115482
483,1748255115493
484,1748255115505
485,1748255115517
486,1748255115529
487,1748255115543
488,1748255115559
489,1748255115570
490,1748255115582
491,1748255115596
492,1748255115608
493,1748255115621
494,1748255115633
495,1748255115645
496,1748255115661
497,1748255115674
498,1748255115686
499,1748255115699
500,1748255115713
501,1748255115726
502,1748255115740
503,1748255115753
504,1748255115765
505,1748255115776
506,1748255115789
507,1748255115801
508,1748255115813
509,1748255115826
510,1748255115838
511,1748255115850
512,1748255115863
513,1748255115877
514,1748255115888
515,1748255115900
516,1748255115915
517,1748255115928
518,1748255115939
519,1748255115949
520,1748255115963
521,1748255115976
522,1748255115989
523,1748255116002
524,1748255116014
525,1748255116028
526,1748255116040
527,1748255116054
528,1748255116067
529,1748255116082
530,1748255116093
531,1748255116105
532,1748255116116
533,1748255116129
534,1748255116142
535,1748255116154
536,1748255116167
537,1748255116180
538,1748255116191
539,1748255116204
540,1748255116218
541,1748255116231
542,1748255116244
543,1748255116256
544,1748255116268
545,1748255116281
546,1748255116293
547,1748255116305
548,1748255116317
549,1748255116329
550,1748255116342
551,1748255116354
552,1748255116367
553,1748255116381
554,1748255116393
555,1748255116407
556,1748255116419
557,1748255116431
558,1748255116444
559,1748255116457
560,1748255116471
561,1748255116484
562,1748255116496
563,1748255116508
564,1748255116519
565,1748255116533
566,1748255116546
567,1748255116559
568,1748255116572
569,1748255116584
570,1748255116596
571,1748255116609
572,1748255116623
573,1748255116637
574,1748255116649
575,1748255116662
576,1748255116675
577,1748255116689
578,1748255116701
579,1748255116713
580,1748255116726
581,1748255116739
582,1748255116753
583,1748255116765
584,1748255116780
585,1748255116792
586,1748255116804
587,1748255116816
588,1748255116828
589,1748255116840
590,1748255116853
591,1748255116866
592,1748255116877
593,1748255116891
594,1748255116902
595,1748255116915
596,1748255116928
597,1748255116942
598,1748255116955
599,1748255116968
600,1748255116981
601,1748255116993
602,1748255117005
603,1748255117018
604,1748255117029
605,1748255117042
606,1748255117054
607,1748255117068
608,1748255117081
609,1748255117093
610,1748255117105
611,1748255117117
612,1748255117131
613,1748255117144
614,1748255117157
615,1748255117168
616,1748255117180
617,1748255117196
618,1748255117207
619,1748255117219
620,1748255117230
621,1748255117242
622,1748255117255
623,1748255117268
624,1748255117280
625,1748255117292
626,1748255117304
627,1748255117317
628,1748255117329
629,1748255117341
630,1748255117355
631,1748255117368
632,1748255117381
633,1748255117394
634,1748255117406
635,1748255117420
636,1748255117433
637,1748255117446
638,1748255117459
639,1748255117471
640,1748255117484
641,1748255117497
642,1748255117509
643,1748255117521
644,1748255117532
645,1748255117546
646,1748255117559
647,1748255117570
648,1748255117584
649,1748255117596
650,1748255117611
651,1748255117625
652,1748255117638
653,1748255117650
654,1748255117663
655,1748255117676
656,1748255117688
657,1748255117699
658,1748255117711
659,1748255117724
660,1748255117738
661,1748255117750
662,1748255117763
663,1748255117781
664,1748255117797
665,1748255117810
666,1748255117821
667,1748255117833
668,1748255117845
669,1748255117856
670,1748255117868
671,1748255117880
672,1748255117894
673,1748255117906
674,1748255117925
675,1748255117938
676,1748255117949
677,1748255117963
678,1748255117976
679,1748255117989
680,1748255118002
681,1748255118014
682,1748255118027
683,1748255118041
684,1748255118054
685,1748255118065
686,1748255118077
687,1748255118091
688,1748255118104
689,1748255118117
690,1748255118131
691,1748255118145
692,1748255118156
693,1748255118167
694,1748255118180
695,1748255118193
696,1748255118206
697,1748255118219
698,1748255118232
699,1748255118245
700,1748255118255
701,1748255118269
702,1748255118283
703,1748255118296
704,1748255118308
705,1748255118321
706,1748255118334
707,1748255118345
708,1748255118359
709,1748255118375
710,1748255118386
711,1748255118399
712,1748255118412
713,1748255118423
714,1748255118437
715,1748255118451
716,1748255118464
717,1748255118477
718,1748255118491
719,1748255118505
720,1748255118518
721,1748255118531
722,1748255118543
723,1748255118555
724,1748255118567
725,1748255118580
726,1748255118591
727,1748255118603
728,1748255118617
729,1748255118630
730,1748255118643
731,1748255118655
732,1748255118668
733,1748255118681
734,1748255118694
735,1748255118706
736,1748255118721
737,1748255118734
738,1748255118747
739,1748255118761
740,1748255118771
741,1748255118783
742,1748255118799
743,1748255118812
744,1748255118824
745,1748255118838
746,1748255118850
747,1748255118862
748,1748255118873
749,1748255118886
750,1748255118897
751,1748255118911
752,1748255118924
753,1748255118937
754,1748255118950
755,1748255118963
756,1748255118973
757,1748255118986
758,1748255118998
759,1748255119012
760,1748255119026
761,1748255119038
762,1748255119050
763,1748255119063
764,1748255119077
765,1748255119090
766,1748255119102
767,1748255119114
768,1748255119127
769,1748255119140
770,1748255119152
771,1748255119167
772,1748255119180
773,1748255119191
774,1748255119204
775,1748255119217
776,1748255119229
777,1748255119241
778,1748255119254
779,1748255119267
780,1748255119280
781,1748255119295
782,1748255119308
783,1748255119321
784,1748255119333
785,1748255119346
786,1748255119358
787,1748255119372
788,1748255119384
789,1748255119397
790,1748255119411
791,1748255119424
792,1748255119436
793,1748255119449
794,1748255119461
795,1748255119472
796,1748255119484
797,1748255119498
798,1748255119508
799,1748255119522
800,1748255119535
801,1748255119548
802,1748255119560
803,1748255119574
804,1748255119587
805,1748255119603
806,1748255119616
807,1748255119630
808,1748255119644
809,1748255119657
810,1748255119670
811,1748255119683
812,1748255119696
813,1748255119709
814,1748255119721
815,1748255119734
816,1748255119746
817,1748255119758
818,1748255119770
819,1748255119784
820,1748255119797
821,1748255119810
822,1748255119821
823,1748255119835
824,1748255119848
825,1748255119862
826,1748255119874
827,1748255119887
828,1748255119900
829,1748255119914
830,1748255119925
831,1748255119937
832,1748255119949
833,1748255119961
834,1748255119973
835,1748255119986
836,1748255119999
837,1748255120012
838,1748255120025
839,1748255120038
840,1748255120050
841,1748255120064
842,1748255120075
843,1748255120088
844,1748255120100
845,1748255120113
846,1748255120124
847,1748255120136
848,1748255120148
849,1748255120161
850,1748255120174
851,1748255120185
852,1748255120197
853,1748255120208
854,1748255120222
855,1748255120235
856,1748255120248
857,1748255120262
858,1748255120275
859,1748255120288
860,1748255120300
861,1748255120314
862,1748255120327
863,1748255120339
864,1748255120351
865,1748255120364
866,1748255120376
867,1748255120389
868,1748255120403
869,1748255120414
870,1748255120424
871,1748255120438
872,1748255120449
873,1748255120463
874,1748255120475
875,1748255120488
876,1748255120501
877,1748255120514
878,1748255120526
879,1748255120538
880,1748255120550
881,1748255120563
882,1748255120573
883,1748255120587
884,1748255120599
885,1748255120613
886,1748255120626
887,1748255120639
888,1748255120652
889,1748255120664
890,1748255120677
891,1748255120699
892,1748255120714
893,1748255120730
894,1748255120745
895,1748255120757
896,1748255120770
897,1748255120783
898,1748255120797
899,1748255120811
900,1748255120823
901,1748255120837
902,1748255120851
903,1748255120864
904,1748255120875
905,1748255120888
906,1748255120899
907,1748255120910
908,1748255120924
909,1748255120936
910,1748255120949
911,1748255120962
912,1748255120975
913,1748255120988
914,1748255121001
915,1748255121012
916,1748255121026
917,1748255121039
918,1748255121051
919,1748255121063
920,1748255121076
921,1748255121089
922,1748255121102
923,1748255121115
924,1748255121127
925,1748255121142
926,1748255121155
927,1748255121168
928,1748255121182
929,1748255121196
930,1748255121207
931,1748255121221
932,1748255121232
933,1748255121245
934,1748255121257
935,1748255121269
936,1748255121282
937,1748255121297
938,1748255121310
939,1748255121324
940,1748255121337
941,1748255121349
942,1748255121362
943,1748255121375
944,1748255121388
945,1748255121400
946,1748255121414
947,1748255121429
948,1748255121443
949,1748255121455
950,1748255121468
951,1748255121482
952,1748255121495
953,1748255121509
954,1748255121520
955,1748255121534
956,1748255121546
957,1748255121558
958,1748255121569
959,1748255121581
960,1748255121592
961,1748255121605
962,1748255121618
963,1748255121631
964,1748255121643
965,1748255121655
966,1748255121665
967,1748255121678
968,1748255121690
969,1748255121703
970,1748255121717
971,1748255121730
972,1748255121743
973,1748255121754
974,1748255121767
975,1748255121781
976,1748255121795
977,1748255121811
978,1748255121823
979,1748255121837
980,1748255121852
981,1748255121863
982,1748255121877
983,1748255121890
984,1748255121902
985,1748255121914
986,1748255121925
987,1748255121939
988,1748255121952
989,1748255121966
990,1748255121977
991,1748255121991
992,1748255122004
993,1748255122017
994,1748255122030
995,1748255122043
996,1748255122057
997,1748255122071
998,1748255122085
999,1748255122097
